ie = 0.000296503131925837
re = -0.6167628915e1 + 0.3096919610e5 * ie + 0.1032306536e5 * (9 * ie ** 2 + 0.8473428024e-2 * ie - 0.1044887792e-5)**0.5
print(re)
